380 0.00268990000000000 0.000200000000000000 0.0122600000000000
381 0.00321402000000000 0.000239112000000000 0.0146524000000000
382 0.00373814000000000 0.000278224000000000 0.0170448000000000
383 0.00426226000000000 0.000317336000000000 0.0194372000000000
384 0.00478638000000000 0.000356448000000000 0.0218296000000000
385 0.00531050000000000 0.000395560000000000 0.0242220000000000
386 0.00640460000000000 0.000476448000000000 0.0292276000000000
387 0.00749870000000000 0.000557336000000000 0.0342332000000000
388 0.00859280000000000 0.000638224000000000 0.0392388000000000
389 0.00968690000000000 0.000719112000000000 0.0442444000000000
390 0.0107810000000000 0.000800000000000000 0.0492500000000000
391 0.0127832000000000 0.000949140000000000 0.0584270000000000
392 0.0147854000000000 0.00109828000000000 0.0676040000000000
393 0.0167876000000000 0.00124742000000000 0.0767810000000000
394 0.0187898000000000 0.00139656000000000 0.0859580000000000
395 0.0207920000000000 0.00154570000000000 0.0951350000000000
396 0.0242298000000000 0.00179656000000000 0.110926000000000
397 0.0276676000000000 0.00204742000000000 0.126717000000000
398 0.0311054000000000 0.00229828000000000 0.142508000000000
399 0.0345432000000000 0.00254914000000000 0.158299000000000
400 0.0379810000000000 0.00280000000000000 0.174090000000000
401 0.0430162000000000 0.00317124000000000 0.197298000000000
402 0.0480514000000000 0.00354248000000000 0.220506000000000
403 0.0530866000000000 0.00391372000000000 0.243714000000000
404 0.0581218000000000 0.00428496000000000 0.266922000000000
405 0.0631570000000000 0.00465620000000000 0.290130000000000
406 0.0705138000000000 0.00520496000000000 0.324210000000000
407 0.0778706000000000 0.00575372000000000 0.358290000000000
408 0.0852274000000000 0.00630248000000000 0.392370000000000
409 0.0925842000000000 0.00685124000000000 0.426450000000000
410 0.0999410000000000 0.00740000000000000 0.460530000000000
411 0.111600800000000 0.00827580000000000 0.514756000000000
412 0.123260600000000 0.00915160000000000 0.568982000000000
413 0.134920400000000 0.0100274000000000 0.623208000000000
414 0.146580200000000 0.0109032000000000 0.677434000000000
415 0.158240000000000 0.0117790000000000 0.731660000000000
416 0.172488000000000 0.0129232000000000 0.798488000000000
417 0.186736000000000 0.0140674000000000 0.865316000000000
418 0.200984000000000 0.0152116000000000 0.932144000000000
419 0.215232000000000 0.0163558000000000 0.998972000000000
420 0.229480000000000 0.0175000000000000 1.06580000000000
421 0.239800000000000 0.0185356000000000 1.11556000000000
422 0.250120000000000 0.0195712000000000 1.16532000000000
423 0.260440000000000 0.0206068000000000 1.21508000000000
424 0.270760000000000 0.0216424000000000 1.26484000000000
425 0.281080000000000 0.0226780000000000 1.31460000000000
426 0.287054000000000 0.0236024000000000 1.34512000000000
427 0.293028000000000 0.0245268000000000 1.37564000000000
428 0.299002000000000 0.0254512000000000 1.40616000000000
429 0.304976000000000 0.0263756000000000 1.43668000000000
430 0.310950000000000 0.0273000000000000 1.46720000000000
431 0.314904000000000 0.0283568000000000 1.48968000000000
432 0.318858000000000 0.0294136000000000 1.51216000000000
433 0.322812000000000 0.0304704000000000 1.53464000000000
434 0.326766000000000 0.0315272000000000 1.55712000000000
435 0.330720000000000 0.0325840000000000 1.57960000000000
436 0.331248000000000 0.0336472000000000 1.58700000000000
437 0.331776000000000 0.0347104000000000 1.59440000000000
438 0.332304000000000 0.0357736000000000 1.60180000000000
439 0.332832000000000 0.0368368000000000 1.60920000000000
440 0.333360000000000 0.0379000000000000 1.61660000000000
441 0.330032000000000 0.0387982000000000 1.60692000000000
442 0.326704000000000 0.0396964000000000 1.59724000000000
443 0.323376000000000 0.0405946000000000 1.58756000000000
444 0.320048000000000 0.0414928000000000 1.57788000000000
445 0.316720000000000 0.0423910000000000 1.56820000000000
446 0.311140000000000 0.0432728000000000 1.54890000000000
447 0.305560000000000 0.0441546000000000 1.52960000000000
448 0.299980000000000 0.0450364000000000 1.51030000000000
449 0.294400000000000 0.0459182000000000 1.49100000000000
450 0.288820000000000 0.0468000000000000 1.47170000000000
451 0.282994000000000 0.0478644000000000 1.45216000000000
452 0.277168000000000 0.0489288000000000 1.43262000000000
453 0.271342000000000 0.0499932000000000 1.41308000000000
454 0.265516000000000 0.0510576000000000 1.39354000000000
455 0.259690000000000 0.0521220000000000 1.37400000000000
456 0.254304000000000 0.0536976000000000 1.35754000000000
457 0.248918000000000 0.0552732000000000 1.34108000000000
458 0.243532000000000 0.0568488000000000 1.32462000000000
459 0.238146000000000 0.0584244000000000 1.30816000000000
460 0.232760000000000 0.0600000000000000 1.29170000000000
461 0.228206000000000 0.0625884000000000 1.28048000000000
462 0.223652000000000 0.0651768000000000 1.26926000000000
463 0.219098000000000 0.0677652000000000 1.25804000000000
464 0.214544000000000 0.0703536000000000 1.24682000000000
465 0.209990000000000 0.0729420000000000 1.23560000000000
466 0.202944000000000 0.0765496000000000 1.21124000000000
467 0.195898000000000 0.0801572000000000 1.18688000000000
468 0.188852000000000 0.0837648000000000 1.16252000000000
469 0.181806000000000 0.0873724000000000 1.13816000000000
470 0.174760000000000 0.0909800000000000 1.11380000000000
471 0.166382000000000 0.0953520000000000 1.07948000000000
472 0.158004000000000 0.0997240000000000 1.04516000000000
473 0.149626000000000 0.104096000000000 1.01084000000000
474 0.141248000000000 0.108468000000000 0.976520000000000
475 0.132870000000000 0.112840000000000 0.942200000000000
476 0.124684800000000 0.118076000000000 0.904952000000000
477 0.116499600000000 0.123312000000000 0.867704000000000
478 0.108314400000000 0.128548000000000 0.830456000000000
479 0.100129200000000 0.133784000000000 0.793208000000000
480 0.0919440000000000 0.139020000000000 0.755960000000000
481 0.0849522000000000 0.145190000000000 0.722048000000000
482 0.0779604000000000 0.151360000000000 0.688136000000000
483 0.0709686000000000 0.157530000000000 0.654224000000000
484 0.0639768000000000 0.163700000000000 0.620312000000000
485 0.0569850000000000 0.169870000000000 0.586400000000000
486 0.0519342000000000 0.177500000000000 0.558458000000000
487 0.0468834000000000 0.185130000000000 0.530516000000000
488 0.0418326000000000 0.192760000000000 0.502574000000000
489 0.0367818000000000 0.200390000000000 0.474632000000000
490 0.0317310000000000 0.208020000000000 0.446690000000000
491 0.0283074000000000 0.218032000000000 0.425584000000000
492 0.0248838000000000 0.228044000000000 0.404478000000000
493 0.0214602000000000 0.238056000000000 0.383372000000000
494 0.0180366000000000 0.248068000000000 0.362266000000000
495 0.0146130000000000 0.258080000000000 0.341160000000000
496 0.0126602200000000 0.271064000000000 0.325802000000000
497 0.0107074400000000 0.284048000000000 0.310444000000000
498 0.00875466000000000 0.297032000000000 0.295086000000000
499 0.00680188000000000 0.310016000000000 0.279728000000000
500 0.00484910000000000 0.323000000000000 0.264370000000000
501 0.00434358000000000 0.339480000000000 0.252684000000000
502 0.00383806000000000 0.355960000000000 0.240998000000000
503 0.00333254000000000 0.372440000000000 0.229312000000000
504 0.00282702000000000 0.388920000000000 0.217626000000000
505 0.00232150000000000 0.405400000000000 0.205940000000000
506 0.00371518000000000 0.424920000000000 0.195642000000000
507 0.00510886000000000 0.444440000000000 0.185344000000000
508 0.00650254000000000 0.463960000000000 0.175046000000000
509 0.00789622000000000 0.483480000000000 0.164748000000000
510 0.00928990000000000 0.503000000000000 0.154450000000000
511 0.0132875200000000 0.524022000000000 0.145396000000000
512 0.0172851400000000 0.545044000000000 0.136342000000000
513 0.0212827600000000 0.566066000000000 0.127288000000000
514 0.0252803800000000 0.587088000000000 0.118234000000000
515 0.0292780000000000 0.608110000000000 0.109180000000000
516 0.0361806000000000 0.628488000000000 0.102661000000000
517 0.0430832000000000 0.648866000000000 0.0961420000000000
518 0.0499858000000000 0.669244000000000 0.0896230000000000
519 0.0568884000000000 0.689622000000000 0.0831040000000000
520 0.0637910000000000 0.710000000000000 0.0765850000000000
521 0.0731948000000000 0.727020000000000 0.0725134000000000
522 0.0825986000000000 0.744040000000000 0.0684418000000000
523 0.0920024000000000 0.761060000000000 0.0643702000000000
524 0.101406200000000 0.778080000000000 0.0602986000000000
525 0.110810000000000 0.795100000000000 0.0562270000000000
526 0.122032000000000 0.808480000000000 0.0532548000000000
527 0.133254000000000 0.821860000000000 0.0502826000000000
528 0.144476000000000 0.835240000000000 0.0473104000000000
529 0.155698000000000 0.848620000000000 0.0443382000000000
530 0.166920000000000 0.862000000000000 0.0413660000000000
531 0.179072000000000 0.872610000000000 0.0389634000000000
532 0.191224000000000 0.883220000000000 0.0365608000000000
533 0.203376000000000 0.893830000000000 0.0341582000000000
534 0.215528000000000 0.904440000000000 0.0317556000000000
535 0.227680000000000 0.915050000000000 0.0293530000000000
536 0.240682000000000 0.922840000000000 0.0274908000000000
537 0.253684000000000 0.930630000000000 0.0256286000000000
538 0.266686000000000 0.938420000000000 0.0237664000000000
539 0.279688000000000 0.946210000000000 0.0219042000000000
540 0.292690000000000 0.954000000000000 0.0200420000000000
541 0.306602000000000 0.959208000000000 0.0186960000000000
542 0.320514000000000 0.964416000000000 0.0173500000000000
543 0.334426000000000 0.969624000000000 0.0160040000000000
544 0.348338000000000 0.974832000000000 0.0146580000000000
545 0.362250000000000 0.980040000000000 0.0133120000000000
546 0.377070000000000 0.983022000000000 0.0124060600000000
547 0.391890000000000 0.986004000000000 0.0115001200000000
548 0.406710000000000 0.988986000000000 0.0105941800000000
549 0.421530000000000 0.991968000000000 0.00968824000000000
550 0.436350000000000 0.994950000000000 0.00878230000000000
551 0.452106000000000 0.995980000000000 0.00819730000000000
552 0.467862000000000 0.997010000000000 0.00761230000000000
553 0.483618000000000 0.998040000000000 0.00702730000000000
554 0.499374000000000 0.999070000000000 0.00644230000000000
555 0.515130000000000 1.00010000000000 0.00585730000000000
556 0.531600000000000 0.999080000000000 0.00549570000000000
557 0.548070000000000 0.998060000000000 0.00513410000000000
558 0.564540000000000 0.997040000000000 0.00477250000000000
559 0.581010000000000 0.996020000000000 0.00441090000000000
560 0.597480000000000 0.995000000000000 0.00404930000000000
561 0.614226000000000 0.991750000000000 0.00382378000000000
562 0.630972000000000 0.988500000000000 0.00359826000000000
563 0.647718000000000 0.985250000000000 0.00337274000000000
564 0.664464000000000 0.982000000000000 0.00314722000000000
565 0.681210000000000 0.978750000000000 0.00292170000000000
566 0.697818000000000 0.973400000000000 0.00279278000000000
567 0.714426000000000 0.968050000000000 0.00266386000000000
568 0.731034000000000 0.962700000000000 0.00253494000000000
569 0.747642000000000 0.957350000000000 0.00240602000000000
570 0.764250000000000 0.952000000000000 0.00227710000000000
571 0.780188000000000 0.944716000000000 0.00221580000000000
572 0.796126000000000 0.937432000000000 0.00215450000000000
573 0.812064000000000 0.930148000000000 0.00209320000000000
574 0.828002000000000 0.922864000000000 0.00203190000000000
575 0.843940000000000 0.915580000000000 0.00197060000000000
576 0.858422000000000 0.906464000000000 0.00193780000000000
577 0.872904000000000 0.897348000000000 0.00190500000000000
578 0.887386000000000 0.888232000000000 0.00187220000000000
579 0.901868000000000 0.879116000000000 0.00183940000000000
580 0.916350000000000 0.870000000000000 0.00180660000000000
581 0.928486000000000 0.859246000000000 0.00175426000000000
582 0.940622000000000 0.848492000000000 0.00170192000000000
583 0.952758000000000 0.837738000000000 0.00164958000000000
584 0.964894000000000 0.826984000000000 0.00159724000000000
585 0.977030000000000 0.816230000000000 0.00154490000000000
586 0.986224000000000 0.804384000000000 0.00148288000000000
587 0.995418000000000 0.792538000000000 0.00142086000000000
588 1.00461200000000 0.780692000000000 0.00135884000000000
589 1.01380600000000 0.768846000000000 0.00129682000000000
590 1.02300000000000 0.757000000000000 0.00123480000000000
591 1.02866000000000 0.744566000000000 0.00121138000000000
592 1.03432000000000 0.732132000000000 0.00118796000000000
593 1.03998000000000 0.719698000000000 0.00116454000000000
594 1.04564000000000 0.707264000000000 0.00114112000000000
595 1.05130000000000 0.694830000000000 0.00111770000000000
596 1.05204000000000 0.682064000000000 0.00107528800000000
597 1.05278000000000 0.669298000000000 0.00103287600000000
598 1.05352000000000 0.656532000000000 0.000990464000000000
599 1.05426000000000 0.643766000000000 0.000948052000000000
600 1.05500000000000 0.631000000000000 0.000905640000000000
601 1.05124000000000 0.618108000000000 0.000863446000000000
602 1.04748000000000 0.605216000000000 0.000821252000000000
603 1.04372000000000 0.592324000000000 0.000779058000000000
604 1.03996000000000 0.579432000000000 0.000736864000000000
605 1.03620000000000 0.566540000000000 0.000694670000000000
606 1.02743800000000 0.553832000000000 0.000641506000000000
607 1.01867600000000 0.541124000000000 0.000588342000000000
608 1.00991400000000 0.528416000000000 0.000535178000000000
609 1.00115200000000 0.515708000000000 0.000482014000000000
610 0.992390000000000 0.503000000000000 0.000428850000000000
611 0.979634000000000 0.490744000000000 0.000406714000000000
612 0.966878000000000 0.478488000000000 0.000384578000000000
613 0.954122000000000 0.466232000000000 0.000362442000000000
614 0.941366000000000 0.453976000000000 0.000340306000000000
615 0.928610000000000 0.441720000000000 0.000318170000000000
616 0.911580000000000 0.429576000000000 0.000305732000000000
617 0.894550000000000 0.417432000000000 0.000293294000000000
618 0.877520000000000 0.405288000000000 0.000280856000000000
619 0.860490000000000 0.393144000000000 0.000268418000000000
620 0.843460000000000 0.381000000000000 0.000255980000000000
621 0.822734000000000 0.368904000000000 0.000236142000000000
622 0.802008000000000 0.356808000000000 0.000216304000000000
623 0.781282000000000 0.344712000000000 0.000196466000000000
624 0.760556000000000 0.332616000000000 0.000176628000000000
625 0.739830000000000 0.320520000000000 0.000156790000000000
626 0.718442000000000 0.309416000000000 0.000144970800000000
627 0.697054000000000 0.298312000000000 0.000133151600000000
628 0.675666000000000 0.287208000000000 0.000121332400000000
629 0.654278000000000 0.276104000000000 0.000109513200000000
630 0.632890000000000 0.265000000000000 9.76940000000000e-05
631 0.613014000000000 0.255404000000000 9.19440000000000e-05
632 0.593138000000000 0.245808000000000 8.61940000000000e-05
633 0.573262000000000 0.236212000000000 8.04440000000000e-05
634 0.553386000000000 0.226616000000000 7.46940000000000e-05
635 0.533510000000000 0.217020000000000 6.89440000000000e-05
636 0.514932000000000 0.208616000000000 6.53882000000000e-05
637 0.496354000000000 0.200212000000000 6.18324000000000e-05
638 0.477776000000000 0.191808000000000 5.82766000000000e-05
639 0.459198000000000 0.183404000000000 5.47208000000000e-05
640 0.440620000000000 0.175000000000000 5.11650000000000e-05
641 0.423402000000000 0.167624000000000 4.81352000000000e-05
642 0.406184000000000 0.160248000000000 4.51054000000000e-05
643 0.388966000000000 0.152872000000000 4.20756000000000e-05
644 0.371748000000000 0.145496000000000 3.90458000000000e-05
645 0.354530000000000 0.138120000000000 3.60160000000000e-05
646 0.339348000000000 0.131896000000000 3.36604000000000e-05
647 0.324166000000000 0.125672000000000 3.13048000000000e-05
648 0.308984000000000 0.119448000000000 2.89492000000000e-05
649 0.293802000000000 0.113224000000000 2.65936000000000e-05
650 0.278620000000000 0.107000000000000 2.42380000000000e-05
651 0.265866000000000 0.101930400000000 2.27734000000000e-05
652 0.253112000000000 0.0968608000000000 2.13088000000000e-05
653 0.240358000000000 0.0917912000000000 1.98442000000000e-05
654 0.227604000000000 0.0867216000000000 1.83796000000000e-05
655 0.214850000000000 0.0816520000000000 1.69150000000000e-05
656 0.204202000000000 0.0775216000000000 1.59132000000000e-05
657 0.193554000000000 0.0733912000000000 1.49114000000000e-05
658 0.182906000000000 0.0692608000000000 1.39096000000000e-05
659 0.172258000000000 0.0651304000000000 1.29078000000000e-05
660 0.161610000000000 0.0610000000000000 1.19060000000000e-05
661 0.152928000000000 0.0576654000000000 1.11545800000000e-05
662 0.144246000000000 0.0543308000000000 1.04031600000000e-05
663 0.135564000000000 0.0509962000000000 9.65174000000000e-06
664 0.126882000000000 0.0476616000000000 8.90032000000000e-06
665 0.118200000000000 0.0443270000000000 8.14890000000000e-06
666 0.111710600000000 0.0418616000000000 7.63924000000000e-06
667 0.105221200000000 0.0393962000000000 7.12958000000000e-06
668 0.0987318000000000 0.0369308000000000 6.61992000000000e-06
669 0.0922424000000000 0.0344654000000000 6.11026000000000e-06
670 0.0857530000000000 0.0320000000000000 5.60060000000000e-06
671 0.0812178000000000 0.0302908000000000 5.27136000000000e-06
672 0.0766826000000000 0.0285816000000000 4.94212000000000e-06
673 0.0721474000000000 0.0268724000000000 4.61288000000000e-06
674 0.0676122000000000 0.0251632000000000 4.28364000000000e-06
675 0.0630770000000000 0.0234540000000000 3.95440000000000e-06
676 0.0596284000000000 0.0221632000000000 3.72176000000000e-06
677 0.0561798000000000 0.0208724000000000 3.48912000000000e-06
678 0.0527312000000000 0.0195816000000000 3.25648000000000e-06
679 0.0492826000000000 0.0182908000000000 3.02384000000000e-06
680 0.0458340000000000 0.0170000000000000 2.79120000000000e-06
681 0.0430786000000000 0.0159744000000000 2.61648000000000e-06
682 0.0403232000000000 0.0149488000000000 2.44176000000000e-06
683 0.0375678000000000 0.0139232000000000 2.26704000000000e-06
684 0.0348124000000000 0.0128976000000000 2.09232000000000e-06
685 0.0320570000000000 0.0118720000000000 1.91760000000000e-06
686 0.0300830000000000 0.0111396000000000 1.79678000000000e-06
687 0.0281090000000000 0.0104072000000000 1.67596000000000e-06
688 0.0261350000000000 0.00967480000000000 1.55514000000000e-06
689 0.0241610000000000 0.00894240000000000 1.43432000000000e-06
690 0.0221870000000000 0.00821000000000000 1.31350000000000e-06
691 0.0208720000000000 0.00772246000000000 1.23383800000000e-06
692 0.0195570000000000 0.00723492000000000 1.15417600000000e-06
693 0.0182420000000000 0.00674738000000000 1.07451400000000e-06
694 0.0169270000000000 0.00625984000000000 9.94852000000000e-07
695 0.0156120000000000 0.00577230000000000 9.15190000000000e-07
696 0.0147092000000000 0.00543824000000000 8.61686000000000e-07
697 0.0138064000000000 0.00510418000000000 8.08182000000000e-07
698 0.0129036000000000 0.00477012000000000 7.54678000000000e-07
699 0.0120008000000000 0.00443606000000000 7.01174000000000e-07
700 0.0110980000000000 0.00410200000000000 6.47670000000000e-07
701 0.0104630600000000 0.00386742000000000 6.10840000000000e-07
702 0.00982812000000000 0.00363284000000000 5.74010000000000e-07
703 0.00919318000000000 0.00339826000000000 5.37180000000000e-07
704 0.00855824000000000 0.00316368000000000 5.00350000000000e-07
705 0.00792330000000000 0.00292910000000000 4.63520000000000e-07
706 0.00746926000000000 0.00276148000000000 4.37424000000000e-07
707 0.00701522000000000 0.00259386000000000 4.11328000000000e-07
708 0.00656118000000000 0.00242624000000000 3.85232000000000e-07
709 0.00610714000000000 0.00225862000000000 3.59136000000000e-07
710 0.00565310000000000 0.00209100000000000 3.33040000000000e-07
711 0.00532326000000000 0.00196924000000000 3.14078000000000e-07
712 0.00499342000000000 0.00184748000000000 2.95116000000000e-07
713 0.00466358000000000 0.00172572000000000 2.76154000000000e-07
714 0.00433374000000000 0.00160396000000000 2.57192000000000e-07
715 0.00400390000000000 0.00148220000000000 2.38230000000000e-07
716 0.00376818000000000 0.00139516000000000 2.24636000000000e-07
717 0.00353246000000000 0.00130812000000000 2.11042000000000e-07
718 0.00329674000000000 0.00122108000000000 1.97448000000000e-07
719 0.00306102000000000 0.00113404000000000 1.83854000000000e-07
720 0.00282530000000000 0.00104700000000000 1.70260000000000e-07
721 0.00265918000000000 0.000985630000000000 1.60622000000000e-07
722 0.00249306000000000 0.000924260000000000 1.50984000000000e-07
723 0.00232694000000000 0.000862890000000000 1.41346000000000e-07
724 0.00216082000000000 0.000801520000000000 1.31708000000000e-07
725 0.00199470000000000 0.000740150000000000 1.22070000000000e-07
726 0.00187564000000000 0.000696120000000000 1.15077400000000e-07
727 0.00175658000000000 0.000652090000000000 1.08084800000000e-07
728 0.00163752000000000 0.000608060000000000 1.01092200000000e-07
729 0.00151846000000000 0.000564030000000000 9.40996000000000e-08
730 0.00139940000000000 0.000520000000000000 8.71070000000000e-08
731 0.00131348000000000 0.000488186000000000 8.19766000000000e-08
732 0.00122756000000000 0.000456372000000000 7.68462000000000e-08
733 0.00114164000000000 0.000424558000000000 7.17158000000000e-08
734 0.00105572000000000 0.000392744000000000 6.65854000000000e-08
735 0.000969800000000000 0.000360930000000000 6.14550000000000e-08
736 0.000909534000000000 0.000338584000000000 5.77964000000000e-08
737 0.000849268000000000 0.000316238000000000 5.41378000000000e-08
738 0.000789002000000000 0.000293892000000000 5.04792000000000e-08
739 0.000728736000000000 0.000271546000000000 4.68206000000000e-08
740 0.000668470000000000 0.000249200000000000 4.31620000000000e-08
741 0.000627058000000000 0.000233822000000000 4.06054000000000e-08
742 0.000585646000000000 0.000218444000000000 3.80488000000000e-08
743 0.000544234000000000 0.000203066000000000 3.54922000000000e-08
744 0.000502822000000000 0.000187688000000000 3.29356000000000e-08
745 0.000461410000000000 0.000172310000000000 3.03790000000000e-08
746 0.000433274000000000 0.000161848000000000 2.86140000000000e-08
747 0.000405138000000000 0.000151386000000000 2.68490000000000e-08
748 0.000377002000000000 0.000140924000000000 2.50840000000000e-08
749 0.000348866000000000 0.000130462000000000 2.33190000000000e-08
750 0.000320730000000000 0.000120000000000000 2.15540000000000e-08
751 0.000301730000000000 0.000112924000000000 2.03418000000000e-08
752 0.000282730000000000 0.000105848000000000 1.91296000000000e-08
753 0.000263730000000000 9.87720000000000e-05 1.79174000000000e-08
754 0.000244730000000000 9.16960000000000e-05 1.67052000000000e-08
755 0.000225730000000000 8.46200000000000e-05 1.54930000000000e-08
756 0.000212530000000000 7.96960000000000e-05 1.46352000000000e-08
757 0.000199330000000000 7.47720000000000e-05 1.37774000000000e-08
758 0.000186130000000000 6.98480000000000e-05 1.29196000000000e-08
759 0.000172930000000000 6.49240000000000e-05 1.20618000000000e-08
760 0.000159730000000000 6.00000000000000e-05 1.12040000000000e-08
761 0.000150334000000000 5.64892000000000e-05 1.05806600000000e-08
762 0.000140938000000000 5.29784000000000e-05 9.95732000000000e-09
763 0.000131542000000000 4.94676000000000e-05 9.33398000000000e-09
764 0.000122146000000000 4.59568000000000e-05 8.71064000000000e-09
765 0.000112750000000000 4.24460000000000e-05 8.08730000000000e-09
766 0.000106102600000000 3.99568000000000e-05 7.63664000000000e-09
767 9.94552000000000e-05 3.74676000000000e-05 7.18598000000000e-09
768 9.28078000000000e-05 3.49784000000000e-05 6.73532000000000e-09
769 8.61604000000000e-05 3.24892000000000e-05 6.28466000000000e-09
770 7.95130000000000e-05 3.00000000000000e-05 5.83400000000000e-09
771 7.48278000000000e-05 2.82420000000000e-05 5.50940000000000e-09
772 7.01426000000000e-05 2.64840000000000e-05 5.18480000000000e-09
773 6.54574000000000e-05 2.47260000000000e-05 4.86020000000000e-09
774 6.07722000000000e-05 2.29680000000000e-05 4.53560000000000e-09
775 5.60870000000000e-05 2.12100000000000e-05 4.21100000000000e-09
776 5.27778000000000e-05 1.99658000000000e-05 3.97646000000000e-09
777 4.94686000000000e-05 1.87216000000000e-05 3.74192000000000e-09
778 4.61594000000000e-05 1.74774000000000e-05 3.50738000000000e-09
779 4.28502000000000e-05 1.62332000000000e-05 3.27284000000000e-09
780 3.95410000000000e-05 1.49890000000000e-05 3.03830000000000e-09
781 3.72032000000000e-05 1.41080000000000e-05 2.86878000000000e-09
782 3.48654000000000e-05 1.32270000000000e-05 2.69926000000000e-09
783 3.25276000000000e-05 1.23460000000000e-05 2.52974000000000e-09
784 3.01898000000000e-05 1.14650000000000e-05 2.36022000000000e-09
785 2.78520000000000e-05 1.05840000000000e-05 2.19070000000000e-09
786 2.62010000000000e-05 9.96032000000000e-06 2.06812000000000e-09
787 2.45500000000000e-05 9.33664000000000e-06 1.94554000000000e-09
788 2.28990000000000e-05 8.71296000000000e-06 1.82296000000000e-09
789 2.12480000000000e-05 8.08928000000000e-06 1.70038000000000e-09
790 1.95970000000000e-05 7.46560000000000e-06 1.57780000000000e-09
791 1.84316000000000e-05 7.02432000000000e-06 1.48920000000000e-09
792 1.72662000000000e-05 6.58304000000000e-06 1.40060000000000e-09
793 1.61008000000000e-05 6.14176000000000e-06 1.31200000000000e-09
794 1.49354000000000e-05 5.70048000000000e-06 1.22340000000000e-09
795 1.37700000000000e-05 5.25920000000000e-06 1.13480000000000e-09
796 1.29500000000000e-05 4.94792000000000e-06 1.07097000000000e-09
797 1.21300000000000e-05 4.63664000000000e-06 1.00714000000000e-09
798 1.13100000000000e-05 4.32536000000000e-06 9.43310000000000e-10
799 1.04900000000000e-05 4.01408000000000e-06 8.79480000000000e-10
800 9.67000000000000e-06 3.70280000000000e-06 8.15650000000000e-10
801 9.09436000000000e-06 3.48376000000000e-06 7.69772000000000e-10
802 8.51872000000000e-06 3.26472000000000e-06 7.23894000000000e-10
803 7.94308000000000e-06 3.04568000000000e-06 6.78016000000000e-10
804 7.36744000000000e-06 2.82664000000000e-06 6.32138000000000e-10
805 6.79180000000000e-06 2.60760000000000e-06 5.86260000000000e-10
806 6.38756000000000e-06 2.45338000000000e-06 5.53284000000000e-10
807 5.98332000000000e-06 2.29916000000000e-06 5.20308000000000e-10
808 5.57908000000000e-06 2.14494000000000e-06 4.87332000000000e-10
809 5.17484000000000e-06 1.99072000000000e-06 4.54356000000000e-10
810 4.77060000000000e-06 1.83650000000000e-06 4.21380000000000e-10
811 4.48748000000000e-06 1.72820000000000e-06 3.97742000000000e-10
812 4.20436000000000e-06 1.61990000000000e-06 3.74104000000000e-10
813 3.92124000000000e-06 1.51160000000000e-06 3.50466000000000e-10
814 3.63812000000000e-06 1.40330000000000e-06 3.26828000000000e-10
815 3.35500000000000e-06 1.29500000000000e-06 3.03190000000000e-10
816 3.15468000000000e-06 1.21818400000000e-06 2.86058000000000e-10
817 2.95436000000000e-06 1.14136800000000e-06 2.68926000000000e-10
818 2.75404000000000e-06 1.06455200000000e-06 2.51794000000000e-10
819 2.55372000000000e-06 9.87736000000000e-07 2.34662000000000e-10
820 2.35340000000000e-06 9.10920000000000e-07 2.17530000000000e-10
821 2.21026000000000e-06 8.55864000000000e-07 2.04976000000000e-10
822 2.06712000000000e-06 8.00808000000000e-07 1.92422000000000e-10
823 1.92398000000000e-06 7.45752000000000e-07 1.79868000000000e-10
824 1.78084000000000e-06 6.90696000000000e-07 1.67314000000000e-10
825 1.63770000000000e-06 6.35640000000000e-07 1.54760000000000e-10